100098
111018
120328
130031
140479
100913
110425
120131
130202
140672
100275
110867
120755
130036
140405
100609
110008
120378
130332
140191
100988
110915
120685
130629
140932
100390
110719
120142
130485
140967
100197
111014
120805
130653
140934
100788
110150
120321
130836
140264
100118
110540
120955
130261
140213
100824
110557
120489
130174
140422
100282
110920
120740
130933
140286
100823
110919
120784
130348
140561
100974
110485
120631
130645
140933
100218
110774
120400
130062
140321
100632
110911
120077
130888
140213
100389
110757
121004
130004
140204
100531
110160
120587
130795
140174
100792
110661
120111
130595
140780
100074
110464
120476
130293
140749
100686
110092
120393
130548
140602
100098
110050
120597
130929
140607
100801
110828
120380
130086
140296
100598
110535
120650
130989
140818
100167
110727
120439
130381
140392
100987
110461
120654
130312
140292
100715
110005
120901
130570
140220
101007
110464
120099
130187
140548
100278
110750
120388
130516
140890
100993
110689
120079
130493
140197
100645
110234
120577
130031
140956
100220
110698
120754
130123
140515
100598
110152
120394
130340
140129
100595
110940
121014
130027
140252
100765
110260
120383
130652
140042
100322
110528
120095
130903
140403
100043
110891
120836
130665
140041
100515
110960
120479
130647
140887
100583
110843
121007
130867
140927
100733
110868
120010
130662
140262
100165
110641
120892
130484
140037
100309
110381
120380
130435
140448
100574
110931
120020
130671
140855
100984
110194
120040
130288
140716
100697
110707
120332
130336
140816
100402
110992
120428
130061
140450
100859
110991
120241
130488
140890
100493
110660
120114
130329
140959
100119
110415
120327
130557
140794
100013
110195
120063
130208
140895
100210
110343
120771
130019
140301
100617
110013
120251
130961
140084
100367
110536
120634
130025
140191
100657
110204
120837
130968
140646
101009
110087
120406
130273
140301
100059
110182
120455
130459
140539
100518
110820
120688
130603
140812
100750
110351
120290
130631
140109
100071
110339
120478
130922
140759
100288
110392
120725
130793
140572
100991
110144
120597
130553
140724
100434
110712
120071
130344
140941
100909
110572
120494
130346
140310
100250
110726
120403
130299
140690
100616
110798
121021
130343
140798
100258
110605
120354
130842
140346
100150
110734
120616
130449
140109
100179
110429
121016
130864
140309
100616
110703
120481
130759
140795
100356
110436
120796
130207
140360
100867
110259
120188
130609
140969
100872
110455
121022
130745
140404
100171
110293
120051
130226
140327
100393
110151
120692
130611
140204
100201
110559
120347
130992
140608
100056
110700
120604
130762
140342
100003
110878
120972
130622
140742
100930
110199
120248
130463
140114
100506
110550
120115
130634
140825
100003
110550
120723
130413
140879
100724
110098
120880
130868
140990
100031
110168
120716
130123
140733
100105
110051
121014
130703
140057
100277
110884
120162
130270
140983
100258
110577
120161
130212
140594
100630
110097
120704
130126
140573
100362
110155
120811
130094
140093
100431
110789
120128
130462
140195
100686
110214
120907
130225
140726
100773
110864
120991
130359
141012
100364
110005
120391
130924
140120
100090
110254
120882
130605
140372
100568
110341
120630
130751
140613
100816
110295
120797
131001
140846
100262
110249
120227
130782
140529
100836
110809
120253
130859
140795
100101
110970
120532
130879
140636
100470
110670
120085
130939
140044
100978
110991
120217
130225
140484
100858
110166
120706
130992
140604
100627
110239
120896
130961
140698
100617
110586
120874
130765
140765
100483
110708
120947
130247
140070
100399
110169
120694
130752
140831
100204
110939
120715
130779
140329
100033
110086
120730
130357
140095
100242
110779
120626
130570
140377
100697
110279
120250
130013
140100
100707
110891
120062
130112
140532
100067
110739
120237
130321
140082
100369
110143
120046
131015
140414
100411
110045
120797
130885
140756
100878
110997
120239
130236
140729
100598
110636
120448
130934
140205
100028
110647
120423
130923
140222
100728
110104
121013
131015
140134
100185
110367
121005
130262
140618
100385
110834
120117
130209
140495
100556
110221
120177
130052
140089
101023
110629
120532
130734
140778
100180
110129
121007
130778
140399
100957
110184
120272
130305
140942
100319
110788
120952
130095
140453
100789
110931
120353
130286
140472
100174
110797
120405
130306
141006
100747
110857
120895
130925
140730
100104
110098
120346
130924
140003
100781
110160
120022
130590
140854
100739
110129
120406
130578
140020
100619
111017
120369
130928
140075
100073
110216
120376
130745
140158
100620
110556
120352
130880
140450
100259
110772
120056
130905
141021
100169
110656
120001
130610
140840
100105
110916
120774
130846
140354
100952
110997
120440
130866
140447
100308
110082
120062
130818
140972
100432
110095
120996
130524
140223
100278
110762
120393
130470
140979
100953
110805
120793
130181
140889
100623
110250
120651
130887
140051
