100774
110755
120644
130174
100806
110452
120569
130563
100814
110603
120616
130968
100528
110559
120486
130256
100729
110085
120339
130827
100117
110856
120427
130581
100624
110785
120033
130599
100237
110346
120242
130711
100218
110310
120525
130567
100573
110264
120403
130729
100682
110681
120453
130985
100386
110094
120498
130480
100324
110427
120000
130546
100188
110830
120694
130987
100160
110020
120489
130838
100404
110845
120707
130489
100348
110407
120418
130036
100920
110328
120230
130625
100518
110589
120392
130350
100173
110068
120967
130366
100243
110069
120010
130345
100299
110270
120731
130306
100058
110845
120407
130956
100950
110083
120345
130003
100824
111017
120158
130676
100777
110522
120937
130812
100141
110414
120118
130895
100418
110899
120845
130075
100117
110782
120946
130341
100179
110876
120492
130554
100560
110699
120177
130064
100170
110082
120269
130742
100894
110354
121009
130487
100620
110592
120451
130464
100782
110356
120850
130288
100118
110023
120499
130086
100644
110413
120880
130781
100803
110484
120928
130515
100447
110001
120282
130689
100707
110681
120605
130209
101017
110758
120041
130102
100356
110104
120786
130037
100973
110064
120773
130382
100226
110168
120809
130522
100312
110309
120720
130268
100074
110226
120400
130951
100113
110530
120849
130499
100405
110227
120537
131020
100433
110367
120945
130839
100611
110637
120608
130963
100277
110287
120378
130879
100949
110539
120703
130686
100578
110835
120655
130940
100370
110864
120426
130958
100435
110231
120102
130318
100790
110940
120127
131022
100369
110804
120833
130742
100787
110498
120465
130835
100090
110168
120809
130324
100544
110103
120832
130374
100582
110865
120487
130625
100809
110100
120795
130309
100002
110302
120420
130280
100910
110008
120340
130802
100106
110652
120651
130392
100521
110883
120711
130988
101002
110950
120863
130853
100204
110180
120578
130388
100327
110735
120266
130141
100356
110564
120932
130100
100425
110516
121006
131004
100604
110723
120744
130401
100739
110843
120779
130556
100975
110477
120817
130348
100312
110210
120306
130810
100204
110699
120166
130714
100542
110973
120735
130643
101011
110354
120877
130171
100787
110695
120208
130074
100402
110129
120529
130111
100776
110954
120799
130388
100325
110474
120600
130645
100442
110690
120814
130331
100098
110868
120205
130981
100786
110398
120992
130751
100330
110388
120326
130986
100179
110637
120838
130713
100605
110803
120285
130726
100445
110256
120834
130780
100337
110076
120792
130981
100086
110444
120946
130949
100403
110692
120195
130631
100381
110232
120063
130120
100412
110454
120352
130221
100638
110067
120561
130395
100077
110177
120950
130685
100917
110930
120902
130076
100999
110369
120407
130682
100364
110649
120007
130754
100148
110753
120603
130345
100644
110413
120817
130729
100075
110815
120113
130992
100763
110110
120648
130873
100357
110919
120438
130884
100979
110672
120828
130060
100098
110727
120609
130720
100875
110887
120033
130983
100011
110793
120835
130114
100740
110906
120372
130286
100430
110696
120349
130451
100997
110684
120823
130192
100265
110902
120758
130228
100897
110785
120212
130201
100306
110524
120263
130111
100512
110817
120290
130990
100286
110654
120776
130601
100984
110322
120262
130759
100810
110283
120829
130258
100611
110453
120181
130995
100950
110138
120527
130894
100671
110582
121007
130126
100738
110533
120043
130095
100469
110583
120130
130560
100351
110019
120272
130137
100780
110564
120019
130825
100923
110620
120497
130503
100210
110876
120591
130820
100409
110611
120007
130243
100351
110111
120931
130602
100107
110423
120253
130222
100746
110448
120503
130844
100135
110516
120135
130123
100935
110596
120274
130382
100537
110890
120786
130133
100034
110540
120799
130728
100497
110545
120769
130639
100892
110453
120760
130442
100734
110038
120051
130176
100888
110184
120519
130336
100002
110472
120067
130943
100617
110325
120543
130232
100264
110743
120356
130294
100718
110755
120199
130026
100328
110007
120466
130793
100930
110057
120403
130121
100614
110872
120626
130666
100369
110768
120860
130748
100596
110223
120151
130149
100734
110775
120379
130526
100899
110021
120187
130859
100862
110402
120459
130109
100132
110945
120661
130914
100230
110930
120667
130291
100661
110059
120551
130838
100147
110698
120184
130757
100083
110081
120285
130595
100931
110048
120336
130517
100793
110457
120075
130899
100133
110003
120436
130527
100707
110122
120556
130654
100090
110631
120976
130859
100017
110941
120220
130910
100777
110777
120433
130670
100559
110657
120117
130382
100961
110928
120155
130146
100987
110663
120380
130532
100206
110161
120214
130085
100024
110044
120697
130620
100176
110265
120720
130088
100393
110798
120507
130291
100679
110437
120021
130081
100594
110964
121015
130938
100792
110957
120853
130898
100193
110278
120287
130567
100991
110005
120469
130407
100778
110498
120779
130780
100498
110316
120666
130400
100517
110272
120259
130927
100180
110477
120003
130308
100021
110926
120341
130994
100997
110307
120968
130287
100613
110466
120295
130460
100849
110248
120730
130200
100765
110904
120248
130372
100843
110205
120830
130898
100650
110190
120316
131018
100590
110424
120191
130838
100071
110638
120059
130518
100851
110314
120796
130976
100524
110258
120207
130208
100282
110102
120122
130162
100346
110701
120184
130870
100235
110023
120453
130676
100270
110629
120210
130095
100860
110253
120047
130561
100390
110966
120469
130780
100812
110345
120792
130216
100776
110521
120305
130545
100399
110856
120086
130651
100921
110295
120808
130205
101018
110859
120585
130120
100708
110692
120363
130614
100536
110829
120793
130170
100627
110892
120087
130036
100655
110695
120789
130060
100110
110691
120090
130949
100753
110240
120360
130778
100026
110043
120264
130279
100669
110145
120579
130706
100955
110526
120048
130440
100303
110516
120009
130141
100945
110300
120113
130702
100966
110745
120551
130974
100281
110060
120199
130033
100151
110617
120014
130495
100978
110833
120295
130620
100532
110949
120273
130736
100463
110976
120843
130274
100619
110743
120753
130903
100957
110529
120693
130893
100301
110067
120119
130851
100015
110020
120864
130918
100940
110798
120957
130022
100714
110632
120909
130210
100237
110932
120167
130848
100237
110362
120723
130934
100000
110575
120896
130628
100668
110127
120761
130511
100809
110948
120472
130991
100807
110622
120482
130569
100888
110658
120116
130210
100379
110845
120907
130809
100832
110365
120123
130333
100693
110160
120825
130240
100605
110245
120034
130347
100858
110658
120937
130921
100312
110542
120902
130063
100536
110146
120954
130477
100839
110635
120471
130250
100239
110434
120718
130021
100785
110053
120166
130152
100863
110632
120791
130224
100161
110841
120962
130521
100346
110548
120777
130747
100018
110825
120800
130154
100969
110239
120861
130298
100992
110726
120523
130414
100966
110875
120857
130202
100690
110920
120819
130868
100517
110247
120643
130619
100404
110688
120056
130859
100897
110001
120112
130606
100734
111013
120214
130810
100001
110753
120522
130542
100653
110504
120568
130090
100512
110931
120635
130952
100842
110653
120421
130098
100565
110403
120462
130651
100834
110160
120870
130803
100817
110097
120888
130902
100383
110611
120711
130031
100873
110164
120010
130505
100955
110681
120717
130847
100426
110203
120696
130286
100358
110208
120179
130248
100222
110634
120441
130403
100800
110114
120281
130180
100276
110686
120797
130354
100495
110286
120917
130674
100989
110013
120855
130137
100816
110580
120364
130711
100593
110700
120674
130896
100417
110209
120053
130407
100652
110140
120797
130240
100203
110575
120906
130530
100455
110641
120722
130907
100688
110063
120557
130256
100790
110595
120711
130221
100972
110207
120657
130622
100341
110792
120682
130515
100864
110037
120326
130562
100253
110039
120006
130848
100345
110192
120167
130457
100076
111003
120911
130059
100086
110461
120199
130501
100422
110676
120924
130347
100235
110296
120235
130067
100260
110507
120995
130684
100931
110123
120156
130227
100515
110688
120073
130293
100316
110057
120509
130864
100086
110257
120714
130832
100031
110950
120274
130287
100075
110743
120915
130309
100845
110811
120107
130790
100151
110223
120444
130641
100487
110793
120784
130170
100454
110734
120898
130917
100701
110096
120359
130120
100618
110684
120364
130976
100413
110333
120919
130148
100398
110035
120351
130334
100927
110478
120771
130706
100756
110470
120167
130398
100289
110212
120604
130598
100585
110467
120657
130964
100777
110848
120098
130142
100977
110696
120178
130835
100384
110582
120087
130406
100449
110190
120417
130628
100140
110931
120281
131013
100592
110250
120958
130211
100709
110154
120016
130399
100598
110747
120647
130143
100974
110886
120035
130345
100095
110306
120781
130685
100867
110316
120656
130630
100839
110619
120585
130779
100621
110619
120950
130427
100671
110549
120851
130018
100490
110622
120180
130005
100429
110090
120771
130155
100885
110655
120085
130473
100019
110766
120747
130352
100190
110953
120453
130912
100312
110495
120626
130533
100645
110497
120608
130584
100219
110245
120632
130382
100126
110251
120295
130196
100144
110651
120522
130727
100489
110923
120658
130510
100638
110953
120379
130592
100733
110450
120491
130373
100594
110667
120180
130413
100981
110502
120680
130598
100283
110264
120382
130342
100138
110922
120039
130425
100164
110064
120845
130857
101011
110482
120144
130250
100527
110218
120865
130604
100503
110739
120213
130560
100582
110916
120484
130652
100899
110641
120886
130740
100383
110127
120863
130861
100916
110745
120539
130257
100291
110379
120233
130675
100812
110757
120765
130053
100294
110026
120352
130380
100849
110714
120718
130947
100847
110219
120585
130989
100723
110036
120508
130402
101016
110720
120039
130057
100519
110481
120257
130322
100096
110805
120917
130326
100129
110434
120786
130229
100765
110803
120761
130204
100122
110854
120110
130366
100549
110533
120843
130822
100185
110582
120614
130050
100214
110459
120584
130182
100190
110364
120670
130246
100161
110382
120072
130500
100844
110083
120224
130586
100622
110634
120251
130904
100406
110571
120918
130762
100579
110289
120909
130231
100250
110367
120572
130545
100055
110750
120231
130236
100665
110131
120731
130184
100595
110849
120336
131004
100771
110889
120066
130653
100129
110435
120523
130225
100195
110029
120432
130507
100126
110618
120900
130329
100739
110919
120628
130303
100065
110763
120287
130329
100042
110725
120084
130362
100389
110998
120224
130972
100372
110066
120659
130071
100214
110749
120793
130182
100141
110819
120279
130280
100494
110254
120123
130393
100405
110126
120831
130061
100562
110467
120043
130898
100881
110999
120289
130123
100195
110448
120785
130206
100930
110862
120786
130676
100479
110903
120468
130316
100889
110884
120951
130544
100310
110109
120012
130457
100994
110003
120900
130369
100077
110141
120155
130354
100438
110194
120466
130095
100832
110027
120342
130093
100804
110811
121009
130564
100752
110037
120775
130891
100673
110572
120229
130330
100016
110614
120533
130693
100448
110129
120526
130535
100650
110991
120099
130899
100365
110540
120153
130804
100084
110300
120356
130536
100554
110720
120553
130090
100548
110494
120750
130190
100362
110899
120097
130929
100829
110542
120788
130115
100340
110816
120634
130548
100041
110190
120501
130488
100561
110271
120684
130303
100588
110809
120401
130566
100010
110102
120500
130860
100016
110792
120390
130728
100067
110649
120151
130658
100699
110887
120255
130244
100391
110137
120967
130344
100018
110330
120572
130124
100215
110076
120481
130535
100661
110531
120160
130077
100102
110026
120516
130288
100852
110174
120194
130345
100135
110021
120526
130667
100089
111005
120148
130947
100057
110688
120680
130013
100523
111016
120410
130369
100402
110981
120114
130431
100306
110068
120781
130124
100740
110601
120870
130647
100503
110935
120707
130420
100870
110045
120525
130801
100668
110836
120270
130209
100514
110991
120387
130418
100704
110777
120464
130910
100551
110314
120254
130805
100398
110962
120957
130252
100380
110768
120030
130362
100665
110816
120509
130995
100486
110340
120622
130360
100501
110513
120098
130404
100394
110729
120041
130654
100162
110569
120737
130593
100572
110605
120186
130081
100667
110597
120561
130531
100856
110909
120634
130834
100896
110588
120332
130741
101021
110850
120179
130178
100590
110925
120479
130081
100116
110862
120315
130019
100920
110188
120225
130515
100953
110182
120472
130808
100076
110608
120038
130621
100586
110599
120785
130621
100364
110679
120520
130226
100185
110892
120575
130382
100747
110645
120329
130432
100986
110163
120844
130927
100386
110378
120194
130426
100311
110797
120033
130837
100093
110640
120166
130469
100213
110199
120892
130028
100078
110702
120513
130795
100378
110121
120970
130494
100671
110984
120108
130350
100612
110975
120942
130962
100407
110914
120522
130220
100142
110026
120452
130426
100112
110496
120660
130086
100710
110668
120959
130226
100965
110314
120890
130611
100589
110922
120529
130336
100595
110238
120282
130031
100494
110124
120250
130215
100142
110285
120904
130895
100877
110690
120597
130149
100901
110941
120167
130959
100621
110037
120109
130489
100377
110926
120270
130656
100327
110426
120425
130204
100996
110156
120420
130318
100705
110316
120837
130836
100931
110567
120244
130355
100009
110962
120520
130387
100185
110611
120221
130393
100088
110400
120885
130199
100838
110558
120912
130710
100776
110324
120020
130819
100849
110581
120451
130365
100609
110547
120020
130361
100106
110592
120904
130967
100999
110469
120790
130847
100359
110790
120348
130804
100948
110305
120431
130000
100827
110798
120988
130175
100581
110179
120003
130500
100067
110167
120506
130254
101013
110848
121015
130811
100888
110441
120909
130700
100683
110388
120863
130635
100146
110154
120205
130677
100310
110721
120785
130544
100876
110779
120669
130147
100104
110335
120721
130311
100481
110624
120868
130903
100058
110386
120992
130295
100996
110380
120215
130119
100781
110086
120059
130412
100427
110455
120042
130477
100669
110512
120932
130385
100924
110170
120008
130081
100329
110609
120301
130282
100768
110664
120512
130743
100780
110682
120047
130391
100403
110883
120060
130119
100976
110041
120640
131001
100162
110115
121018
130459
100197
110367
120804
130694
100694
110457
120390
130839
101017
110394
120249
130529
100161
110635
120868
130942
100140
110133
120875
130127
100098
110168
121018
130155
100734
110279
120187
131003
100343
110816
120779
130124
100597
110326
120344
130914
100543
110911
120857
130270
100667
110691
120610
130616
100201
110955
121015
130237
100971
110825
120692
130616
100542
111012
120276
130541
100107
110999
120416
130087
100084
110975
120151
130841
100244
110649
120284
130219
100215
111018
120048
130297
100858
110376
120549
130756
100932
110993
120134
130359
100278
110501
120491
130386
100336
110743
120929
130099
100050
110768
120173
130265
100737
110168
120994
130890
100802
110371
120034
130159
100114
110683
120178
130399
100109
110540
120778
130216
100263
110971
120615
130035
100462
110917
120392
130349
100738
110748
120014
130966
100710
110986
120763
130544
100104
110672
120844
130847
100151
110229
120357
130809
100481
110750
120250
130538
100308
110006
120154
130633
100059
110212
121021
130619
100986
110334
120041
130480
100142
110190
120857
130561
100244
110766
120591
130839
100821
110506
120208
130362
100832
110201
120078
130160
100021
110269
120522
130734
100608
110949
120253
130406
100038
110452
120950
130295
100679
110343
120465
131016
100559
110017
120057
130936
100829
110125
120084
130276
100638
111002
120519
130160
100712
110391
120656
130324
100625
110223
120303
130865
100828
110582
120020
130123
100448
110392
120898
130924
100960
110924
120737
130491
100985
110399
120832
130178
100864
110759
120014
130667
100969
110746
120393
130555
100188
110630
120699
130598
100271
110932
120862
130184
100507
110119
120454
130100
100740
110420
120694
130407
100248
110626
120190
130333
100716
110266
121008
130168
100506
110800
120895
130279
100419
110980
120982
130066
100831
110336
120376
130411
100222
110795
120638
130133
100299
110811
120386
130761
100874
110633
120105
130753
100556
110337
120557
130153
100826
110512
120191
130488
100573
110455
120901
130960
100423
110450
120424
130789
100083
110175
120902
130396
100402
110998
120682
130735
100042
110889
120239
130249
100673
110826
120064
130641
100146
110909
120361
130626
100225
110087
120019
130490
100436
110615
120995
130449
100992
110685
120442
130557
100949
110908
120611
130038
100870
110298
120362
130279
100191
110059
120981
131019
100787
110952
120950
130618
100419
110286
120484
130131
100119
110870
120054
130829
100545
110054
120391
130085
100376
110728
120007
130046
100335
110964
120429
130603
100689
110890
120217
130871
100955
110802
120829
130354
100678
110489
120458
130980
100915
110860
120961
130003
101001
110315
120054
130867
100876
110957
120255
130770
100195
110245
120122
130768
100572
110409
120816
130557
100856
110252
120198
130900
100694
110845
120444
130107
100265
110306
120817
130001
100355
110975
120771
130486
100888
110044
120956
130662
100935
110753
120802
130002
100149
110280
120785
130601
100610
110576
120947
130361
100518
110223
120960
130525
100219
110870
120764
130355
100632
110376
120244
130208
100128
110760
120106
130161
100409
110164
120986
130875
100808
110465
120496
130706
100242
110103
120889
130687
100157
110882
120624
130773
100325
110011
120546
130233
100203
110321
120111
131022
100216
111015
120894
130665
100511
110289
120527
130421
100955
110317
120714
130097
100688
110390
120932
130662
100785
110911
120536
130648
100900
110507
120326
130296
100098
110279
120268
130130
100403
110256
120321
130728
100288
110981
120039
130375
100356
110823
120421
130114
100465
110790
120161
130332
100433
110012
120504
130896
100690
110513
120142
130054
100185
110339
120919
130463
100554
110393
120841
130482
100180
110442
120882
130530
100796
110133
120812
131009
100770
110411
120637
130333
100702
110111
120759
130681
100669
110602
120929
130810
100712
111007
120938
130493
100211
110568
120485
130027
100378
110592
120572
130959
100837
110423
120048
130792
100380
110994
120034
130258
101005
110776
120308
130421
100904
110911
120387
130211
100849
110783
120509
131014
100887
110271
120211
130584
100479
110589
120024
130062
100415
110393
120174
130090
100032
110979
120346
130908
100071
110532
120722
130915
100388
110362
120790
130015
100876
110999
120426
130291
100911
110932
120245
130063
100872
110542
120230
130810
100620
110700
120130
130020
100147
110906
120407
130598
100298
110332
120575
130337
100906
110314
120662
130331
100648
110715
120830
130496
100697
110888
120771
130741
100911
110548
120788
130950
100624
110816
120642
130259
100816
110991
120398
130597
100259
110294
120227
130607
100430
110990
120400
130446
100116
110727
120541
130714
100973
110054
120859
130198
100651
110647
120719
130579
100162
110355
120975
130227
100902
110186
120466
130129
100327
110999
120043
130631
100562
110324
120028
130964
100971
110078
120638
130496
100691
110255
120435
130837
100638
110168
120567
130276
100848
110903
120100
130777
100492
110446
120516
130208
100022
110358
120962
130156
100759
110655
120225
130809
100937
110940
120275
130494
100755
110536
120794
130581
100050
110334
120489
130394
100497
110509
120489
130247
100040
110340
120141
130332
100812
110091
120174
130719
100674
110679
120686
130777
100281
110972
120426
130378
100707
110803
120122
130191
100389
110693
120474
130763
100286
110928
120196
130102
100788
110489
120962
130091
100277
110426
120477
130511
100929
110752
120969
130623
100695
110534
120641
130277
100776
110901
120619
130672
100005
110195
120625
130459
100881
110611
120094
131004
100592
110650
120852
130107
100874
110238
120995
130211
100515
110481
121017
130352
100760
110524
120878
130394
100058
110400
120586
130731
100814
110077
120560
130613
100589
110668
120774
130136
101022
110110
120355
130375
101015
110928
120449
130288
100419
110343
120663
130795
100158
111010
120976
130336
100602
110997
120797
130125
100003
110024
120327
130747
100542
110802
120793
130054
100472
110918
120174
130844
100149
110258
120999
130137
100682
110372
120979
130915
100442
110061
120336
130053
100769
110439
120717
130399
100900
110426
120838
130646
100980
110380
120349
130070
100582
110561
120757
130215
100281
110666
120685
130832
100681
110639
120398
130967
100190
110356
120996
130076
100696
110651
120360
130053
100311
110121
120765
130987
101014
110344
120761
130064
100921
110703
120268
130202
100565
110155
120664
130698
100353
110764
120370
130300
100691
110079
120553
130994
100505
110798
120588
130681
100001
110002
120647
130166
100914
110700
120543
130495
100571
110535
120979
130584
100524
110330
120724
130509
100883
110319
120479
130767
100355
110043
120747
130305
100574
110323
120640
130268
100917
111016
120830
130923
100051
110589
120712
130154
100977
110590
120440
130876
100831
110274
120540
130512
100663
110732
120013
130571
101003
110654
120625
130272
100901
110676
120204
130861
100776
110884
120071
130910
100667
110001
120289
130455
100929
110525
120654
130092
100802
110160
120527
130420
100442
110222
120793
130642
100673
110067
120304
130074
101010
110342
120808
130743
100519
110039
120706
130809
100314
110931
120333
130393
100653
110730
120333
130267
100094
111006
120524
130711
100752
110861
120544
130840
100430
110349
120913
130933
100033
110209
120415
130852
100729
110160
120566
131013
100766
110313
120681
130984
100689
110549
120985
130980
100614
110593
120335
130874
100472
110961
120643
130573
100647
110837
120645
130505
100514
110553
120136
130312
100900
110160
120210
130318
100017
110134
120000
130174
100552
110474
120169
130960
100347
110845
120577
130001
100497
110194
120656
130342
100528
110922
120307
130841
100916
110852
120335
130960
100546
110384
120048
130086
100755
110913
120774
130365
100754
110531
120162
130187
100650
110912
120332
130109
100683
110346
120943
130395
100367
110318
120637
130868
100605
110237
120511
130734
100875
110547
120221
130617
100447
110441
120261
130225
100225
110788
120854
130485
100770
110552
120565
130460
100488
110682
120903
130435
100540
110495
120034
130027
100404
110877
120283
130865
100456
110440
120969
130574
100813
110915
120916
130706
100159
110823
120297
130288
101007
110175
120332
130209
100737
110352
120447
130271
100020
110206
120188
130408
100207
110262
120408
130255
100474
110320
120019
130715
100763
110934
120123
130645
100187
110186
120675
130442
100127
110228
121002
130389
100557
110849
120998
130113
100957
110763
120216
130335
100010
110709
120166
130814
100053
110879
120120
130446
100800
110097
120048
130176
100966
110833
120718
130469
100641
110017
120421
130363
100781
110302
120899
130657
100420
110354
120017
130872
100868
110207
120522
130948
100228
110913
120834
130587
100465
110720
120294
130463
100168
110354
120848
130237
100051
110286
120952
130042
100019
111009
120325
130004
100497
110394
120270
130737
100056
110407
120143
130881
100734
110568
120478
130292
100164
110708
120678
130546
100530
110294
120208
130376
100352
110700
120207
130726
100816
110791
120411
130462
100413
110325
120724
130662
100752
110632
120167
130861
100224
110146
120354
130114
100938
110017
120669
130589
100716
110027
120724
130199
100057
110463
120881
130974
100899
110390
120604
130318
100723
110894
120799
130375
100043
110136
120714
130456
100544
110527
120969
130904
100049
110314
120149
130510
100383
110942
120202
130080
100206
110603
120373
130402
100345
110533
120257
130475
100143
110505
120846
130485
100552
110096
120965
131023
100192
110781
120071
130621
100045
110776
120989
131020
100571
110481
120656
130304
100687
110730
120589
130019
100594
110889
120916
130104
100101
110830
120992
130229
100906
110435
120096
130586
100666
110192
120042
130971
100070
110636
120898
131023
100693
110596
120762
130256
100956
110042
120971
130240
100278
110730
120592
130564
100843
111020
120834
130998
100349
110033
120626
130479
100931
110445
120493
130992
100749
110479
120003
130464
100587
110159
120298
130765
100189
110300
120219
130845
100166
110433
120516
130665
100413
110117
120980
130415
100482
110940
120828
130117
100386
110058
120492
131014
100286
110603
120665
130424
100462
110644
120967
130570
100155
110367
120192
130301
100302
110431
120522
130234
100505
110892
120739
130265
100084
110767
120248
130719
100568
110386
120627
130572
100677
110588
120093
130069
100668
110666
120109
130300
100500
110587
120019
130703
100424
110359
120996
130451
100371
110002
120832
130056
100244
110558
120530
130011
100801
110101
120244
130423
100503
110214
120410
131015
100907
110121
120996
130182
100177
110421
120622
130231
100476
110752
120190
130141
100967
110534
120143
130878
100544
110489
120756
130795
100404
110248
120202
130557
100254
110067
120711
131022
100441
110475
120153
130184
100864
111004
120281
131013
100465
110989
120161
130513
100268
110426
120417
130993
100831
110761
120078
130577
100948
110758
120802
130075
100621
110345
120210
130760
100976
111015
120668
130703
100583
110859
120513
130643
100580
110512
120691
130151
100146
110437
120134
130898
100247
110641
120790
130835
100309
110156
120612
130907
100366
110813
120326
130196
100977
110410
120246
130908
100719
110450
120993
130957
100932
110945
120615
130982
100231
110232
120087
130351
100572
110597
120007
130218
100881
110939
120039
130098
100349
111014
120744
130394
100052
110567
120651
130863
100083
110016
120239
130926
100897
110223
120527
130539
101013
110786
120448
130527
100315
110482
120677
130164
100951
111016
120218
130467
100179
110748
120120
130150
100143
110017
120212
130264
100910
110269
120554
130142
100151
110290
120703
130219
100848
110173
120558
130872
100050
110273
120165
130698
100570
110747
120624
130223
100710
110029
120602
130487
100756
110764
120985
130774
100547
111011
120265
130728
100695
110051
120004
130055
100120
110533
120898
130689
100937
110208
120773
130848
100186
110874
120917
130451
100192
110501
120302
130096
100402
110362
120973
130253
100415
110751
120408
130629
100553
110717
120073
130825
100959
110113
120361
130958
100898
110665
120435
130124
100696
110094
120513
131021
100937
110021
120549
130645
100891
110931
120161
130540
100662
110356
120297
130895
100527
110420
120385
130171
100627
110105
120541
130284
100712
110014
120535
130547
100707
110794
120740
130017
100695
110530
120723
130275
100787
110149
120036
130456
100999
110906
120938
130429
100723
110990
120064
130996
101001
110817
120149
130396
100111
110991
120698
130846
100842
110662
120879
130084
100491
110474
120748
130694
100458
110885
120956
130858
100264
110143
120697
130669
100620
111013
120601
130105
100094
110566
120107
130910
100775
110605
120878
130969
100477
110660
120466
130394
100379
110283
120982
130924
100451
110199
120644
130631
100119
110288
120145
130766
100879
110428
120875
130028
100896
110810
120807
130424
100831
110076
120677
130282
100246
110022
120099
130319
100592
110369
120092
130871
100445
110260
120082
130048
100504
110542
120866
130483
100174
110494
120628
130642
100439
110687
120808
130521
101004
110058
120885
130037
100679
110326
120021
130521
100007
110749
120850
130243
100907
110614
120848
130818
100040
110855
120603
130492
100056
110456
120955
130042
100871
110832
120572
130076
100602
110991
120824
130606
100536
110332
120296
130651
100118
110532
120280
130467
100509
110154
120300
130177
100684
110051
120342
130677
100552
110650
120984
130299
100679
110387
120836
130930
100721
110060
120919
130220
100563
110685
120548
130440
100629
110373
120909
130287
100285
110950
120686
130094
100063
110894
120296
130089
100048
110618
120365
130906
100041
110221
120854
130457
100931
110462
120929
130173
100794
110535
120731
130927
100939
110667
120666
130166
100244
110014
120359
130658
100454
110844
120112
130467
100940
110556
120439
130192
100197
110965
120125
130570
100349
110306
120631
130577
100222
110403
120587
130775
100962
110863
120913
130114
100953
110370
120571
130988
100406
110912
120564
130501
100735
110481
120228
130482
100509
110759
120797
130071
100245
110175
120999
130004
100916
110103
120138
130250
100976
110672
120484
130882
100913
110073
120425
130957
100691
110177
120606
130335
100526
110497
120161
130980
100240
110517
120599
130096
100700
110387
120461
130775
100420
110030
120769
130890
100296
110319
120863
130429
100372
110211
120269
130972
100271
110515
120881
130824
100760
110580
120208
130048
100628
110143
120062
130116
100457
110290
120544
130330
100463
110087
120624
130169
100865
110174
120400
130156
100764
110193
120082
130246
100868
110543
120155
130904
100412
110780
120563
130339
100871
110641
120636
130461
100786
110398
120086
130302
101023
110664
120093
130563
100405
110121
120414
130481
100652
111016
120295
130749
100145
110293
120894
130009
100065
110324
120854
130645
100286
110657
120911
130325
100950
110360
120527
130339
100323
110205
120519
130763
100708
110672
120543
130785
100668
110265
120344
130906
100590
110569
120906
130874
100044
110322
120815
130646
100366
110338
120282
130080
100052
110199
120387
130438
100142
110292
120143
130123
100351
110593
120908
130025
100012
110748
120015
130107
100741
110228
120549
130362
100103
110052
121019
130096
100277
110638
120387
130116
100041
111010
120890
130458
100785
110592
120813
130026
100389
110979
120482
130787
100966
110055
120694
130731
100782
110788
120899
130243
100707
110069
120494
130662
100976
110350
120380
130305
100484
110840
120577
130612
101004
110109
120459
130812
100729
110164
120063
130676
100749
110659
120844
130878
100763
110562
120155
130918
100272
110703
120010
130123
100324
110112
120653
130381
100048
110072
120008
131011
100230
110010
120740
130430
100043
110380
120684
130114
100926
110376
120290
130738
100365
110973
120483
130446
100204
110128
120129
130954
100654
110916
120874
130600
100569
110865
120522
130407
100036
110852
120705
130758
100150
110176
120725
130734
100864
110986
120255
130559
100237
110815
120469
130770
100376
110720
120755
130069
100154
110110
121004
130007
100689
110240
120529
130285
100970
110375
120663
130182
100096
110934
120267
130048
100551
110161
120484
130060
100365
110922
120594
130187
100749
110077
120378
130944
100149
110670
120088
130632
100170
110091
120501
131007
100795
110860
120512
130455
100418
110814
120047
130509
100413
110098
120164
130138
100035
110845
120742
130633
100855
110579
120197
130975
100533
111005
120154
130163
100633
110528
120713
130251
100148
110319
120960
130018
100523
110458
120545
130065
100944
110216
120511
130120
100863
110037
120680
130277
100805
110816
120151
130390
100586
110939
120601
130126
100885
110314
120028
130452
101015
110818
120031
130135
100699
110953
120057
130488
100204
110661
120024
130855
100627
110595
120364
130859
100401
110712
120400
130030
100666
110356
120674
130907
101019
110923
120958
130918
100915
111010
120754
130771
100451
110998
120903
130436
100741
110665
120246
130645
100130
110584
120647
130513
100748
110211
120225
130485
100750
110360
120544
130043
100926
110946
120231
131021
100603
110568
120140
130611
100475
110998
120115
130200
100266
110458
120428
130932
100988
110251
120596
130650
100836
110545
120449
130032
100012
110160
120066
130230
100582
110681
120329
130725
101008
110804
120752
130228
100155
110295
120756
130981
100676
110384
120372
130781
100987
110870
120725
130916
100554
110474
120204
130307
100909
110099
120246
130144
100974
110226
120284
130999
100146
110331
120260
130402
100754
110293
120410
130055
100906
110898
120231
130015
100460
110336
120525
130278
100875
110156
120247
130849
100488
110816
120369
130143
101023
110097
120469
130683
100468
110876
120136
131018
100478
110756
120540
130596
100706
110284
120246
130874
100829
110645
120172
130081
100990
110154
120530
130983
100549
110086
120955
130142
100413
110655
120940
130216
100384
110087
120154
130297
100414
110656
120188
130556
100774
110331
120237
130535
100872
110139
120086
130786
100026
110265
120751
130340
100987
110233
120580
130244
100913
110386
120117
130804
100055
110332
120549
130236
100417
110768
120663
130100
100600
110749
120084
130922
100582
110844
120793
130848
100530
110953
120666
130187
100294
110952
120062
130503
100905
110163
120055
130104
100019
110334
120021
130049
100018
110546
120232
130503
100864
110753
120302
130516
100567
110850
120342
130299
100164
110235
120047
130576
100618
110218
120166
130214
100439
110020
120003
130100
100095
110680
120738
130726
100630
110163
120265
130028
100281
110609
120691
130045
100062
110443
120832
130012
100874
110144
120475
130239
100546
110752
120838
130295
101023
110956
120014
130721
100108
110048
120743
130906
100769
110751
120499
130629
100338
110746
120783
130383
101014
110155
120899
130702
100935
110209
120784
130327
100166
110867
120121
130800
100724
110290
120911
130609
100446
111018
121022
130340
100387
110317
120691
130771
100848
110552
120453
130164
100579
110022
120768
130753
100086
110729
120592
130218
100686
110555
120665
130295
100826
110593
120601
130202
100697
110169
120468
130615
100390
110947
120588
130157
100639
110721
120416
130858
100784
110613
120541
130548
100245
111005
120145
130441
100073
110596
121017
130486
100539
110697
120088
130243
100196
110409
120264
130530
100632
110194
120246
130940
100456
110191
120707
130264
100288
110246
120792
130182
100290
110704
120391
131011
100002
110148
121022
130867
100679
110686
120365
130723
100211
110141
120653
130111
100627
110792
120500
130552
100740
110940
120850
130615
100833
110626
120675
130942
100951
110766
121011
130493
100845
110017
120888
130716
100420
110618
120441
130052
100668
110693
120767
130659
100144
110724
120747
130983
100984
110065
120421
130722
100346
110480
120808
130575
100196
110477
120591
130826
100193
110278
120034
130499
100164
110154
120797
130844
100579
110793
120505
130141
100566
110164
120757
130952
100748
110395
120193
130327
100859
110013
120163
130429
100760
110392
120998
130980
100797
110655
120823
130719
100995
110676
120976
130438
100631
110193
120218
130185
100711
110498
120593
130807
100529
111003
120329
130310
100192
110766
120914
130900
100560
110759
120021
130251
100153
110063
120633
130057
100771
110486
121010
130288
100562
110864
120500
130085
100477
110716
120132
130108
100209
110913
120811
130568
100024
110638
120665
130069
100477
110263
120037
130040
100496
110758
120018
130554
100438
110270
120640
130066
100798
110726
120137
130423
100979
110317
120608
130964
100978
110925
120588
130999
100694
110696
120833
130381
100850
110930
120082
130365
100784
110016
120523
130823
100446
110383
120420
131010
100018
110183
120641
130457
100040
110065
120253
130510
100236
110266
120309
130971
100486
110630
120095
130899
100347
110128
120774
130806
100718
110575
120013
130691
100128
110479
120910
130530
100258
110395
120647
130541
100568
110569
120268
130192
100281
110967
121019
130350
101001
110991
120477
130371
100389
110446
120822
130970
100482
110444
120516
130423
100405
110189
120030
130230
100608
110547
120547
130978
100439
110925
120140
130237
100724
110417
120209
130576
100361
110803
120964
130068
100795
110843
120871
130203
100972
110722
120673
130885
100290
110942
120045
130106
100448
110092
120854
130539
100495
110702
120326
130259
100080
110466
120711
130560
100732
110792
120430
130869
100879
110521
120850
130569
100929
110579
120101
130796
101017
110715
120382
130009
100773
110500
120288
130364
100147
110530
120512
130830
100216
110480
120458
130200
100814
110496
120600
130493
100137
110059
120170
130545
100198
110647
120418
130950
100943
110222
120056
130894
100618
110599
120557
130798
100933
110968
120869
130437
100441
110758
120520
130727
100212
110988
120932
130352
100939
110889
120251
130188
100304
110437
120240
130483
100720
110490
120321
130574
100545
110203
120975
130970
100562
110653
120432
130580
100078
110628
120409
130698
100904
110544
120095
130739
100436
110709
120036
130527
100693
110969
120839
130450
100994
110791
120943
130562
100329
110041
120512
130135
100360
110145
120990
131016
100836
110202
120898
130912
100589
110788
120910
130676
100613
110536
120397
130993
100945
110462
120673
130108
100778
110556
120151
130586
100741
110768
120251
130282
100240
110979
120745
130214
100967
110913
120643
130483
100813
110909
120035
130207
100400
110408
120357
130375
100304
110966
120891
130756
100021
110623
120418
130786
100756
110518
120695
130268
100518
110382
120923
130910
100067
110127
120601
130891
100740
110203
120614
130869
100616
110603
120088
130854
100288
110784
120659
130283
100206
110232
120620
130310
100565
110332
120620
130951
100942
110240
120826
130786
100948
110697
120459
130420
100076
110451
120607
130876
100178
110618
120328
130227
100064
110681
120796
130635
100874
110302
120738
130594
100194
110004
120818
130548
100710
110227
120278
130673
100074
110744
120134
130062
100765
110992
120247
130181
100905
110175
120832
130779
100937
110018
120010
130568
100843
110959
120074
130691
100100
110289
120867
130137
100730
111000
120141
130822
100895
111018
120767
130396
100572
110635
120152
130381
100081
110087
120612
130362
100225
110455
120565
130781
100085
110498
120546
130005
100116
110944
120502
130847
100890
110924
120334
130660
101010
110169
120454
130664
100273
110470
120456
130994
100362
110754
120886
130665
100802
110308
120720
130927
100176
110395
120611
130387
100566
110667
120650
130866
100672
110838
120635
130228
100856
110058
120228
130581
100966
110040
120123
130774
100372
110561
120181
130615
100475
110653
120860
130425
100598
110240
120774
130566
100490
110373
120505
130779
100508
110407
120033
130505
100226
110762
120324
130591
100389
110524
120566
130243
100485
110023
120928
130716
100136
110760
120650
130066
100246
110697
120150
130563
100393
110362
120872
130200
100332
110906
120401
130035
100781
110204
120892
130126
100318
110754
120058
130611
100980
110901
120490
130727
100420
110903
120430
131006
100264
110457
120476
130869
100081
110075
120785
130485
100301
110549
120101
130318
100163
110610
120956
130159
100610
110668
120054
130401
100529
111022
121016
130058
100423
110915
121008
130862
100824
110500
120020
130879
100979
110827
120463
130614
100029
110452
120930
130247
100881
110206
120494
130840
100042
110958
120706
130836
100192
110714
120931
130770
101014
110921
120164
130037
100770
110525
120554
130077
100984
110481
120460
130446
100906
110482
120336
130433
100797
110405
120767
130052
100005
110520
120985
130957
101019
110924
120666
130903
100567
110040
120779
130886
100596
110242
120391
130842
100895
110347
120269
130469
100760
110231
120813
130584
100636
110798
120701
130543
100569
110613
120108
130675
100175
110117
120308
130478
100912
110465
120278
130882
100258
110256
120838
130628
100114
110244
120335
130987
100772
110871
120047
130392
100661
110852
120240
130045
100241
110938
120521
130761
100410
110866
120539
130209
100181
110009
120152
130125
100348
110039
120572
130937
100432
110076
120984
130213
100293
110859
120271
131016
100605
110972
120208
130562
100156
110334
120104
130536
100445
110499
120838
130341
100362
110653
120321
130971
100282
110929
120865
130261
100120
110764
120734
130916
100685
110424
120895
130919
100787
110702
121002
130309
100417
110342
120080
130659
100858
110880
120750
130827
100815
110043
120948
130734
100023
110789
120993
130427
100945
110730
120488
130619
100609
110622
120861
130947
100275
110526
120051
130788
100899
110430
120379
130700
100621
110181
120161
130258
100778
110250
120640
130884
100590
110043
120824
130509
100054
110425
120585
130474
100765
110560
120679
130513
100718
110510
120163
130009
100215
110851
120153
130158
100461
110715
120230
130034
101013
110638
120165
130495
100623
110373
120409
130143
100627
110784
120074
130357
101013
110219
120577
130745
100242
110860
120598
130042
100918
110196
120337
130188
100582
110110
120236
130128
100335
110485
120680
130718
100741
110627
120645
130847
100140
111000
120051
130687
100815
110672
120088
130263
100033
110891
120499
130020
100636
111023
120762
130758
100686
110026
120292
130714
100729
110117
120348
130606
100005
110031
120790
130018
100796
110516
120508
130741
100354
110393
120007
130477
100642
110625
120671
130615
100197
110768
120129
130106
100486
110134
121002
130161
100052
110728
120135
130744
100857
110626
120988
130511
100936
110279
120908
130483
100308
110030
120145
130374
100978
110503
120512
130693
100375
110727
120882
130594
100337
111007
120597
130405
100521
110345
120195
131011
100668
110778
120610
130138
100350
111003
120873
130634
100876
110781
120088
130053
100482
110058
120460
130218
100644
110755
120728
130065
100251
110919
120508
130515
100613
110585
120800
130072
100092
110078
120345
130139
100734
110048
120530
130772
100534
110050
120703
130450
100074
110022
120342
130247
100299
110687
120349
130758
100493
110420
120246
130237
100290
110083
120624
130411
100803
111018
120914
130082
100972
110091
120147
130262
100713
111022
120929
130729
100112
110644
120138
130668
100480
110586
120827
130189
100874
110074
120303
130923
100357
110852
120376
130166
100168
110203
120689
130527
100028
110847
120193
130596
100624
110404
120065
130269
100862
110930
120042
130298
100139
110218
120772
130756
100489
110257
120922
130516
100557
110809
120381
130833
100334
110960
120626
130540
100732
110725
120878
130108
100463
110879
120835
130284
100016
110865
120991
130331
100329
110911
120112
130837
100645
110398
120266
130157
100067
110264
120414
130288
100738
110731
120207
130178
100083
110734
120101
130292
100459
110029
120941
130137
100185
110214
120007
130159
100890
110775
120086
130834
100355
110971
120946
130097
100664
110440
120678
130620
100399
110483
120368
130714
100347
110451
120499
130908
100446
110046
120229
130068
100719
110427
120209
130275
100257
110984
120212
130159
100179
110106
120683
130770
100852
110702
120170
130887
100141
110601
120777
130958
100606
110527
120092
130855
100042
110446
120484
130437
100727
110399
120118
130863
100872
110810
120272
130775
100941
110806
120644
130242
100505
110787
120927
130205
100061
110140
120705
130832
100128
110579
120511
130094
100249
110073
120925
130142
100195
110530
120936
130420
100354
110918
120412
130389
100111
111014
120603
130651
100887
110082
120753
130358
100403
110390
120586
130152
100897
110233
120382
130602
100765
110710
120721
130723
100953
110984
121004
130034
100388
110150
120035
130921
100302
110361
120798
131004
100407
111002
120961
130810
100810
110099
120150
130853
100641
110199
120932
130366
100921
110382
120033
130397
100623
110294
120671
130781
100500
110476
120949
130216
100903
110047
120987
130952
100691
110545
120897
130002
100841
110501
120831
130374
100926
110609
120486
130726
100501
110573
120265
130704
100259
110708
120885
130568
100990
110716
120043
130889
100381
110418
120521
130069
100580
110638
120179
130769
100204
110428
120945
130688
100205
110627
120518
130013
100831
110491
120593
130400
100936
110446
120935
130398
100321
110368
120983
130734
100267
110582
120797
130635
100697
110506
120066
130825
100786
110739
120410
130307
100893
110820
120739
130698
100205
110843
120311
130517
100303
110975
120773
130310
100763
110503
120747
130894
101002
110597
120369
130986
100471
110769
120180
130580
100331
110399
120086
130715
100628
110182
120551
130399
100467
110782
120425
130066
100554
110969
120274
130183
100503
110680
120352
130935
100755
110264
120984
130465
100982
110731
120168
130569
100771
110461
121008
130280
100845
110077
120488
130009
100319
110718
120054
130132
100217
110549
120570
130881
100800
110587
120153
130752
100974
110383
120271
130684
100776
110872
120858
130572
100600
111001
120188
130687
100063
110037
120818
131006
100288
110954
120001
130073
100908
110585
120365
130054
100407
110243
121006
130073
100199
110417
120931
130906
100116
110622
121005
130354
100707
110787
120393
130937
100654
110352
120671
130698
100918
110053
120324
130376
100984
110103
120394
130040
100906
110658
120699
130501
100048
111014
121005
130398
100226
110065
120363
130355
100675
110844
120401
130319
100566
110245
120990
130216
100710
110016
120514
130485
100037
110939
121000
130909
100044
110594
120621
130797
100535
110184
120967
130652
100530
110938
120277
130225
100003
110814
120398
130698
100269
110596
120135
130199
100323
110664
120100
130742
100499
110060
120655
130302
100551
110842
120459
130254
100010
110603
120882
130448
100824
111017
120093
130891
100307
110526
120275
130504
100513
110695
120378
130497
100248
110220
120848
130471
100955
110543
120978
130440
100828
110662
120862
130656
100606
110319
120496
130450
100178
110690
120720
130172
100097
110418
120447
130790
100618
110929
120172
130762
100716
110743
120091
130437
100616
110519
120771
130417
100080
110636
120162
130072
100412
110455
120666
130694
100708
110060
120661
130915
100881
110081
120880
130518
100652
110545
120503
130388
100216
110497
120318
131023
100388
110452
120878
130645
100986
110894
120429
130064
100090
110494
120279
130729
100402
110634
120860
130713
100662
110340
120391
130232
100740
110888
120224
130938
100554
110365
120793
130161
100103
110417
120376
130953
101011
110337
120214
130925
100925
110556
120612
130508
100623
110193
120571
130269
100750
110999
120951
130106
100950
110673
120998
130082
100730
110295
120515
131018
100746
110163
120120
130204
100347
110508
120828
130823
100085
110848
120733
130335
100178
110257
120263
130040
100465
110598
120460
130479
100168
110744
120253
130462
100856
110168
120873
130582
100192
110933
120112
130852
100331
110752
120974
130141
100758
110007
120193
130729
100883
110202
120423
130689
100334
110946
120957
130939
100177
110617
120289
130899
100214
110396
120052
131017
100014
110131
120777
130828
100684
110003
120640
130041
100012
110957
120093
130299
100823
110794
120733
130602
100277
110863
120355
130188
100227
110907
120032
130805
100835
110162
120768
130297
100680
110306
120191
130293
100797
110208
120294
130066
100751
110684
120539
130951
100873
110028
120508
130542
100417
110252
120656
130524
100194
110592
120739
130197
100966
110047
120540
130708
100422
110099
120622
130158
100135
110296
120830
130327
100817
110867
120292
130999
100584
110239
120561
130365
100045
110379
120547
130360
100804
110896
120951
130811
100224
110346
120181
130098
100614
110629
120646
130943
100678
110735
120106
130479
100062
110970
120672
130699
100603
110446
120627
130401
100671
110404
120231
130748
100157
110929
120222
130721
100270
110428
120762
130350
100539
110841
120677
130173
100533
110821
120871
130292
100327
110370
120674
130641
100825
110042
120357
130275
100359
110585
120785
130306
100096
110626
120127
130687
100305
110992
120958
130008
100278
110610
120237
130853
100292
110601
120442
130753
100361
110036
121014
130297
100817
110577
120283
130774
100219
110569
120289
130007
100652
110081
120896
130358
100097
110267
120234
130859
100806
110926
120189
130937
100124
110646
120097
130146
100203
110080
120673
130180
100557
110176
120585
130752
100485
110279
120206
130020
100227
110885
120544
130147
100357
110201
120558
130497
100092
110041
120021
130425
100732
110014
120781
130291
100055
110179
120498
130589
100612
110105
120151
130296
100747
110224
120190
130218
100202
110654
120309
130399
101003
110538
120335
130554
100580
110467
120081
130164
100007
110131
120748
130766
100018
110323
121002
130900
100064
110109
120701
130390
100643
110249
120697
130518
100514
110059
120272
130022
100530
110888
120720
130406
101016
110217
120594
130538
100732
110778
120568
130676
100177
110608
120263
130674
100499
110625
120336
130302
100999
110727
120082
130050
100014
110729
120463
130449
100090
110686
120807
131011
100110
110649
120159
130359
100793
110273
120968
130782
100566
110142
120270
130019
100384
110582
120276
130925
100239
110385
120176
130614
100323
110756
120987
130915
100926
110156
120145
130295
100419
110379
120408
130715
100917
110589
120648
130552
100551
110398
120976
130692
100516
110726
120024
130035
100574
110680
121010
130310
100117
110996
120921
130211
100437
110864
120625
130432
100319
110895
120081
130612
100046
110552
120471
130657
100420
110344
120699
130908
100392
110967
120698
130907
100835
110330
120859
130905
100694
110150
120130
130022
100628
110683
120075
130466
100381
110921
120168
131008
100627
110033
120040
130867
100600
110375
120553
130783
100848
110708
120007
130613
100534
110425
120489
130204
100046
110410
120449
130851
100174
110375
120551
130531
100701
110992
120072
130446
100097
110709
120850
130223
100665
110259
120142
130411
100903
110089
120822
130954
100231
110236
120795
130280
100015
110478
120240
130645
100396
110479
120171
130548
100618
110961
121023
130664
100046
110807
120728
130530
100370
110508
120882
130783
100927
110197
120360
130315
100704
110242
120868
130816
100560
110110
120202
131007
100543
110155
120738
130970
100331
110888
120765
130467
100976
110185
120717
130441
100440
110928
120378
130113
100982
110028
120865
130804
100266
110554
120143
130445
100202
110403
120468
130607
100787
110367
120820
130856
100633
110752
120465
130272
100118
110184
120407
130882
100017
110313
120922
130996
100307
110272
120082
130145
100691
110280
120816
130768
100852
110995
120704
130475
101006
110963
120802
130325
100796
110294
121005
130513
100012
110675
120646
130177
100635
110841
120840
130944
100502
110879
120262
130061
100524
110588
120130
130784
100550
110723
120561
130020
100411
110538
120267
130229
100832
110327
120462
130864
100465
110425
120277
130219
100449
110131
120617
130908
100961
110351
120562
130426
100178
110946
120336
130917
100453
110742
120640
130805
100852
110379
120963
130724
100933
110960
120178
130903
100902
110302
120093
130437
100477
110507
120865
130768
100472
110845
120418
130969
100412
110936
120162
130534
100850
110581
120787
130524
100072
110546
120601
130312
100393
110361
120325
130339
100572
110423
120890
130479
100942
110739
120817
130136
100265
110104
120796
130895
100846
110262
120874
130970
100397
110516
120861
130216
100192
110054
120690
130343
100522
110304
121005
130099
100624
110131
120833
130764
100980
110339
120625
130270
100729
110319
120017
130690
100785
110280
120540
130779
100869
110232
120656
130822
100470
110254
120867
130765
100596
110299
120637
130422
100527
110671
120281
130204
100859
110295
120979
130887
100914
110413
120299
130538
100504
110934
120355
130149
100328
110750
120169
130906
100305
110966
120053
130045
100362
110522
120287
130785
100766
110067
120905
130817
100433
110296
120990
130240
100418
110147
120052
130682
100157
110780
120878
130062
100770
110800
120804
130193
100274
110173
120855
130910
100322
110255
120697
130671
100293
110135
120788
130481
100260
110496
120311
130614
100072
110936
120623
130967
100021
110728
120907
130997
100966
110515
120856
130154
100952
110380
120901
130049
100817
110086
120983
130945
100866
110491
120733
130969
100102
110393
120502
130416
100083
110222
120376
130192
100161
110104
120836
130467
100898
110588
120226
130560
100390
110159
120498
130332
100516
110116
120330
130053
100488
110729
120698
130977
100096
110468
120283
130975
100748
110093
120063
130364
100865
110983
120960
130061
100585
110432
120783
130782
100079
110131
120602
130952
100589
110619
120061
130487
100994
110726
120470
131016
101003
110510
120043
130564
100507
110109
120300
130901
100536
110478
120815
130828
100172
110689
120168
130891
100169
110396
120691
130961
100805
110714
120913
130614
100809
110972
120689
130849
100231
110432
120235
130947
100562
110660
120407
130651
100724
110213
120461
130082
100890
110129
120841
130556
100704
110055
120079
130119
100513
110743
120810
130574
100696
110037
120307
130923
100185
110823
120300
130258
100857
110898
120030
130889
100652
110238
120591
130741
100122
110785
120681
130060
100689
110816
120571
130820
100219
110802
120358
131010
100040
110479
120345
130887
100151
110727
120973
130264
100642
110552
120350
130431
100725
110882
120005
130947
100279
110404
120284
130114
100399
110538
120645
130025
100161
110227
120067
130576
100547
110012
120755
130889
100300
110352
120996
130130
100791
110871
120972
130178
100133
110993
120415
130336
100659
110645
120271
130309
100644
110070
120196
130575
100503
110096
120921
130479
100513
110764
120769
130422
100367
110620
120716
130017
100447
110003
120237
130768
100599
110811
120174
130535
100316
110999
120579
130653
100309
110220
120534
130768
100304
110826
120394
130970
100803
110219
120030
130285
100824
110108
120960
130524
100927
110662
120699
130903
100891
110566
120457
130608
100583
110091
120364
130628
100480
110585
120852
130401
100049
110244
120680
130928
100784
110163
120407
130375
100616
110669
120269
130916
100910
110921
120822
130169
100659
110697
120612
130609
100250
110924
120682
130016
100984
110415
120025
130568
100769
110934
120211
130575
100203
110749
120764
130056
100629
110121
120615
130249
100887
110232
120281
131018
100434
110263
120174
130491
100686
110237
120981
130125
100449
110445
120063
130138
100817
110815
120683
130398
100894
110761
120859
130973
100161
110462
120928
130805
100928
110136
120278
130906
100217
110454
120475
130216
100920
110199
120690
130644
100237
110056
120207
130582
101023
110501
120321
130846
100253
110873
120776
130538
100961
110814
120834
130957
100979
110217
120732
130080
100300
110192
120950
130024
100139
110294
120296
130405
100932
110169
120802
130219
100918
110672
120701
130153
100546
110164
120511
130947
100207
110239
120055
130968
100865
110625
120045
130581
100693
110724
120454
130290
100330
110457
120390
130846
100681
110643
120173
130927
100302
110307
120194
130219
100888
110570
120872
130324
100571
110939
120976
130169
100659
110083
120720
130723
100773
110327
120791
130528
100286
110355
120777
130531
100469
110993
120044
130898
100048
110772
120430
130443
100598
110858
120056
130050
100961
110840
120088
130564
100319
110546
120647
130345
100289
110822
120667
130223
100170
110877
120198
130360
100324
110608
120359
131006
100308
111011
120984
130647
100973
110553
120771
130888
100306
110259
120642
130227
100612
110330
120747
130316
100015
110858
120466
130168
100977
110760
120868
130834
100054
110118
120705
130710
100049
110309
120997
130676
100534
110254
120099
130869
100714
110758
120838
130709
100588
110577
120735
130079
100794
110293
120799
130649
100099
110798
120145
130414
100307
110232
120770
130108
100609
110561
120177
130704
100455
110577
120437
130983
101023
110949
120348
130499
100006
110938
120308
130428
100625
110350
120555
130145
100751
110578
120790
130946
100892
110317
120029
130696
100211
110503
120664
130626
101008
110719
120049
130354
100607
110569
120970
130764
100681
110621
120783
130598
100775
110494
120070
130562
100473
110935
120434
130585
100619
110182
120324
130371
100177
110598
120391
130532
100530
111008
120255
130194
100839
110209
120292
130228
101012
110915
120554
130293
100569
110840
120633
130608
100287
110404
120888
130604
100676
110247
120881
130201
100070
110619
120854
130520
100464
110993
120717
130132
100536
110563
120109
130759
100588
110697
120105
130972
100233
111011
120747
130624
100585
110678
120565
130733
100674
110979
120073
130592
100166
110008
120463
130674
100698
110337
120977
130557
100847
110395
120505
130398
100719
111013
120333
130721
100672
110123
120788
130106
100606
110921
120237
130792
100454
110986
120606
130696
100560
110264
121004
130680
100136
110400
120206
130150
100352
110143
120097
130708
100598
110455
120064
130575
100256
110517
120076
130851
100556
110185
120018
130962
100026
110217
120061
130557
100416
110551
120351
130524
100026
110765
120175
130217
100065
110020
120679
130245
100422
110700
120727
130280
100661
110938
120782
130243
100887
110531
120409
130771
100512
110956
120582
130470
100013
110403
120568
131004
100080
111015
120957
130790
100979
110434
120405
130972
100738
110651
120480
130340
100987
110792
120741
130974
100509
110014
120264
131014
100327
110379
120854
130851
100393
110569
120276
130333
100864
110174
120857
130446
100050
110609
120209
130780
100375
110172
120547
130658
100431
110957
120726
130172
100709
110969
120648
130629
100057
111010
120256
130270
100277
110405
120325
130802
100026
110463
120361
130141
100800
110410
120190
130473
100689
110750
120633
130213
100359
110709
120102
130834
100148
110109
120696
130995
100985
110803
120807
130436
100012
110544
120225
130998
100900
110908
120928
130628
100708
110340
120298
130555
100626
110983
120866
130136
100587
110415
120445
130941
101021
110643
120803
131010
101006
110576
120505
130684
100508
110490
120357
130555
100123
110542
120651
130352
100683
110431
120813
130311
100139
110737
120808
130710
100104
110121
120780
130275
100354
110319
120609
130929
100842
110240
120582
130994
100418
110363
120050
130730
100222
110160
120427
131000
100971
110598
120166
130457
100164
110084
120125
130834
100746
110413
120373
130582
100866
110952
120748
130078
101003
111008
120889
130506
100242
110253
120896
130701
100910
110809
120895
130008
100741
110463
120862
130136
100597
110913
120357
131007
100815
110052
120106
130872
100168
110347
120064
130634
100005
110130
120500
130716
100487
110515
120737
130904
100534
110347
120277
130006
100327
110750
120328
130437
100942
110867
120214
130512
100814
110933
120324
130805
100616
110078
120960
130953
100265
110488
120787
130290
100453
110011
120221
130178
100181
110271
120438
130715
100853
110746
120231
130168
100821
110099
120643
130436
100291
110250
120505
131023
100164
110379
120946
130538
100142
110338
120028
130223
100331
110047
120660
130853
100771
110876
121002
130310
100315
110338
120953
130013
100735
110412
120431
130167
100250
110035
120360
130266
100292
110324
120919
130509
100649
110069
120947
130163
100227
110137
120004
130678
100635
110788
120178
130079
100709
110314
120597
130950
100219
110845
120943
130338
100670
110487
120103
130762
100306
110317
120669
130304
100452
110094
120373
131002
100090
110005
120633
130612
100927
110073
120042
130933
100415
110539
120325
130422
100503
110299
120370
130129
100834
110943
120688
130054
100112
110180
121010
130385
100131
110381
120972
130949
100535
110310
120265
130901
100309
110344
120488
130091
100244
110997
121006
130521
100049
110977
120296
130730
100585
110951
120401
130826
100778
110889
120103
130941
100634
110982
120239
130812
100518
110627
120441
130579
100413
111010
120753
130078
100933
110633
120281
130847
100298
110294
120778
130903
100751
110502
120450
130596
100157
110965
120639
130224
100816
110624
120589
130928
100393
110261
120963
130564
100768
110323
120967
130269
100051
110860
120281
130040
100834
110920
120201
130295
100968
110329
120630
130628
100257
110367
120773
130446
100265
110084
120467
130897
100857
110457
120980
130121
100906
110344
120731
130138
101010
110823
120749
130416
100166
110846
120914
130663
100545
110104
120447
130802
100989
110890
120643
130503
100369
111016
120481
130970
100625
110048
120217
130390
100247
110294
120391
130140
100024
110843
120791
130097
100250
110277
120548
130018
100979
110552
120553
130161
100034
110252
120805
130755
100848
110734
120039
130878
100245
110417
120298
130339
100943
110417
120068
130687
100820
110966
120284
130355
100283
110324
120117
130727
100903
110827
120586
130160
100602
110835
120164
130861
100516
110986
120729
130194
100846
110532
120888
130746
100531
110003
120755
131003
100083
110041
120899
130170
100953
110008
120126
130756
100378
110665
120238
130720
100874
110123
120883
130930
100743
110111
120955
130790
100601
110866
120425
130016
100965
110583
120359
130212
100404
110329
120093
130964
100758
110573
120474
130335
100586
110814
120455
130693
101000
110291
120892
130488
100302
110444
120437
130497
100784
110113
120195
130291
100584
110110
120397
130383
101016
110954
120676
130698
100331
110236
120474
130771
100798
110267
120800
130134
100303
110860
120558
130154
100952
110333
120355
130400
100974
110101
120866
130934
100198
110134
120525
130599
100036
110058
120977
130898
100545
110476
120444
130311
100819
110064
120480
130121
100192
110056
120574
130971
100122
110486
120497
131006
100469
110681
120933
130587
100953
110389
120698
130836
100602
110743
120508
130026
100474
110909
120302
131000
100051
110225
120616
130265
100735
110194
120025
130951
100840
110941
120855
130345
100537
110989
120804
130538
100961
110779
120683
130788
100303
110958
120272
130836
100787
110088
120711
130548
100301
110299
120481
130084
100926
110734
120017
130322
100831
110545
120769
130143
100573
110356
120942
130246
100192
110733
120389
130331
100685
110553
120549
130739
101005
110509
120354
130001
100609
110693
120248
130735
100970
110392
120942
130919
100567
110616
120393
130162
100695
110539
120498
131013
100381
110310
120313
130104
100938
110038
120308
130250
100169
110951
120795
130601
100562
110237
120102
130017
100920
110642
120666
130105
100306
110447
120985
130488
100559
110183
121017
130022
100909
110014
120436
130068
100767
110179
121000
130393
100291
111013
120622
130606
100477
110531
120563
130911
100275
110304
120008
130247
100070
110391
120283
130062
100115
110972
120790
130520
100790
110335
120764
130086
100679
110602
120369
130744
100061
110247
120678
130000
100501
110797
120045
130699
100997
110876
120045
130518
100037
110098
120101
130578
100799
110103
120998
130897
100951
110524
120361
130326
100514
110300
121015
130174
100675
110893
120551
130362
100284
110141
120519
130163
100926
110239
120972
130412
100307
110878
120654
130196
100640
110725
120045
130268
100376
110320
120427
130498
100938
110003
121019
130102
100698
110880
120674
130226
100316
110250
120649
130998
100634
110840
120688
130116
100860
110857
120911
130235
100652
110887
120645
130137
100778
110030
120643
130477
100342
110335
120609
130378
100175
110604
120743
130879
101021
110411
120192
130063
100265
110511
120342
130729
100584
110557
120366
130332
100018
110851
120555
130241
100153
110844
120000
130051
100549
110090
120076
130753
100535
110915
121015
130105
101004
110063
120243
130605
100223
110316
120789
130971
100395
110980
120037
130611
100821
110346
120772
130545
100251
110907
120318
130566
100908
110079
120759
130318
100677
110061
120760
130232
100423
110637
120956
130079
100554
110982
120836
130176
100308
110307
120388
130410
100916
110521
120160
130221
100501
110501
120428
130246
100818
110855
120183
130843
100725
110325
120231
130618
100029
110489
120692
130976
100079
110664
120634
130895
100649
110039
120774
130491
100789
110109
120106
130837
101020
110107
120572
130737
100536
110536
120587
130109
100019
111001
120314
130116
100751
110142
120139
130650
100136
110126
120540
130668
100277
110070
120324
130816
100773
110551
120768
130237
100880
110043
120301
130395
100690
110190
120603
130682
100111
110203
120862
130764
100620
110458
120880
130819
100834
110754
120440
130368
100824
110119
120343
130765
100179
110618
120254
130070
100212
110793
120809
130050
100954
110966
121014
130783
100024
110564
120234
130226
100277
111017
120914
130457
100125
110150
120594
130958
100532
110233
120898
130257
100805
110714
120690
130919
100285
110046
120653
130192
100659
110555
120033
130249
100676
111021
120170
130061
100698
110182
120877
130204
100760
110623
120535
130294
100218
110765
120609
130599
100146
110102
120642
130108
100648
110199
120674
130681
100927
110955
120454
130962
100589
110857
120174
130840
100502
110965
120272
130597
100854
110479
120131
130471
100774
110988
120682
130180
100018
110267
120985
130639
100237
110299
120348
130901
100465
110705
120325
130778
100910
111023
120272
130595
100333
110407
120804
130225
100877
110158
120560
130919
100311
110459
120476
130150
100229
110215
120838
130295
100304
110684
120467
130543
100134
110417
120372
130068
101005
110888
120849
130403
100910
110882
120945
130684
100974
110568
120190
130264
100699
110101
120734
130659
100232
110415
120678
130276
100835
110228
120406
130438
100791
110127
120093
130641
100057
110558
120475
130102
100477
110579
120121
130236
100873
110482
120217
130055
100635
110929
120247
130833
100657
110695
120386
130673
100820
110476
120103
130150
100443
110133
120533
130800
100164
110229
120900
130318
100174
110275
120614
130314
100935
110520
120326
130439
100125
110834
120347
130560
100956
110315
120713
130738
100705
110972
120785
130885
100646
110628
120084
130189
100583
110330
120742
130615
100432
110851
120343
130769
100200
110209
120266
130901
100153
110754
120610
130298
100701
110377
120545
130747
100742
110682
120492
130404
100375
110735
120308
130482
100140
110669
120791
130518
100079
110483
120087
130288
100735
111011
120217
130575
100037
110780
120857
130405
100221
110230
120860
130000
100070
110832
120329
130438
100815
110071
120510
130687
100384
110527
120431
130951
100575
110629
120263
130955
100839
110061
120291
130367
100583
110376
120999
130960
100945
110501
120577
130370
100614
110197
120728
130985
100390
110501
121023
130362
100130
110740
120427
130388
100937
110467
120240
130196
100051
110090
120217
130826
100735
110922
120099
130934
100745
110839
120535
130797
100590
110569
120508
130314
100813
110624
120572
130248
101021
110129
120776
130409
100033
110202
120958
130127
100306
110483
120473
130773
100322
110022
120707
130170
100720
110182
120818
130900
100253
110471
120644
130275
100914
110882
120044
130914
100707
110394
120715
130615
100391
110308
120001
130099
100796
110513
120045
130827
100336
110432
120188
131008
100392
110450
120527
130786
100049
110490
120003
130800
100278
110864
120660
130459
100658
110285
120565
130593
100313
110773
120563
130637
100587
110176
120340
130749
100157
110479
120788
130364
100971
110601
120907
130226
100943
110629
120812
130462
100616
110340
120438
130366
100020
110704
120945
130245
100717
110532
120458
130315
100344
110369
120153
130459
100808
110980
120732
130640
100518
110980
120939
130183
100684
110042
120317
130182
100668
110179
120038
130368
100430
110773
120081
130623
100498
110693
120497
130463
100284
110139
120420
130745
100051
110523
120519
130620
100718
110681
120321
130067
100744
110382
120295
130874
100251
110408
120613
130129
100352
110672
120414
130511
100294
110307
120378
130773
100351
110844
120439
130277
100708
110146
120123
130470
100005
110150
120356
130439
100852
110595
120520
130422
100709
110001
120919
130535
100153
110455
120256
130360
100902
111021
120556
130159
100644
110105
120672
130613
100561
110926
120584
130715
100149
110795
120038
130912
100107
111012
120715
130599
100630
110013
120599
130867
100689
110673
120688
130535
100295
110147
120369
130426
100951
110478
120574
130667
100337
110455
120724
130821
100171
110458
120850
130494
100025
110901
120765
130004
100493
110391
120869
130199
100598
110800
120618
130306
100189
110163
120143
130748
100518
110536
120698
130702
100682
110560
120611
130975
100955
110310
120608
130584
100919
110826
120872
130016
100228
110424
120349
130765
100731
110335
120179
130051
100223
110995
120961
130018
100830
110109
120624
130142
100359
110965
120994
130670
100110
110250
120529
130635
100766
110435
120519
130256
100817
110806
120367
130718
100999
110614
120373
130441
100900
110211
120325
130438
100947
110445
121018
130321
100480
110500
120340
130143
100628
110240
120146
130565
100520
110357
120218
130636
100348
110394
120003
130339
100746
110350
120773
130306
100743
110196
120819
130685
100949
110715
120238
130010
100688
110555
120618
130978
100663
110605
120164
130055
100134
110233
120737
130753
100353
110139
120019
130481
100941
110164
120173
130376
101022
110853
120473
130753
100511
110385
120628
130354
100924
110396
120618
130395
100779
110718
120610
130747
100088
110760
120189
130365
100372
110158
120097
130371
100395
110003
120764
130233
100131
110725
120227
130308
100733
110376
120497
130918
100310
110821
120352
130131
100496
110575
120116
130684
100250
110119
120040
130674
100436
110361
120890
130153
100248
110435
120076
130879
100347
110571
120839
130872
100738
110040
120025
130714
100357
110699
120754
130907
100042
110243
120252
130003
100372
110724
120085
130715
100502
110315
120682
130389
100312
110806
120171
130346
100802
110298
120251
130677
100594
110651
120042
130391
100646
110313
120037
130403
101019
110123
120588
130261
100471
110366
120495
130365
100978
110187
120994
130354
100400
110904
120990
130191
100428
110559
120133
130041
100992
110904
120637
130768
100483
110789
120465
130502
100968
110392
120187
130055
100872
110148
120104
130732
100609
110162
120897
130089
100961
110613
120243
130428
100731
110067
120473
130229
100035
110271
120514
130736
100418
110133
120114
130481
100770
110610
120847
130879
100268
110477
120159
130140
100407
110968
120703
130827
100261
110515
120707
130257
100131
110390
120073
130667
100104
110484
120671
130358
100477
110031
120822
130542
100263
110055
120272
130131
100525
110712
120261
130943
100970
110162
120649
130791
100805
110607
120235
130063
100012
110306
121013
130764
100188
110026
120495
130323
100213
110666
120155
130161
100000
110522
120411
130405
100929
110970
120861
130905
100269
110404
120371
130458
100810
110588
120959
130052
100954
110278
120683
130119
100229
110810
120026
130542
100660
110560
120262
130926
100503
110880
120471
130663
100800
110414
120076
130316
100984
110949
120677
130433
100577
111012
120646
130483
100560
110960
120609
130222
100838
110071
120221
130320
100575
110515
120198
130892
100819
110633
120269
130440
100140
110635
120996
130078
100163
110728
120569
130357
100973
110374
120280
130936
100774
110935
120339
130075
100899
110198
120364
130284
100521
110861
120868
130274
100584
110299
120023
130145
100912
110920
120664
130831
100654
110520
120624
130463
101007
110311
120587
130943
100354
110723
120936
130769
100268
110371
120590
130513
100192
110114
120109
130535
100366
110649
120525
130934
100757
110041
120745
130649
100145
110058
120379
130885
100528
110714
120665
130199
100376
110340
120895
130745
100338
110157
120272
130598
100998
110859
121009
130153
100870
110415
120238
130460
100956
110187
120608
130520
100613
110481
120831
130947
100134
111010
120625
130395
100694
110792
120242
130466
100406
110957
120754
130977
