100543
110888
120492
130883
140359
100471
110494
120381
130683
140135
100358
110802
120000
130234
140340
100146
110991
120817
130718
140649
100229
110187
120839
130151
140160
100769
110862
120914
130063
140351
100039
111004
120158
131002
140613
100001
110518
120232
130989
140275
100742
110914
120365
130247
140250
100261
110242
120493
130897
140776
100961
110527
120047
130562
140515
100167
110601
120646
130748
140783
100411
110056
120611
130445
140748
100052
110899
120029
130419
140331
100387
110062
120833
130769
140564
100962
110262
120295
130005
140803
100313
110087
120004
130834
140861
100334
110303
120151
130889
140444
100643
110349
120227
130516
140040
100502
110784
120866
130266
140292
100629
110366
120380
130395
140102
100326
110807
120558
130611
140814
100816
110340
120278
130660
140462
100390
110031
120692
130050
140118
100269
110507
120350
130600
141003
100444
110742
120934
130937
140483
100307
110978
120542
130681
140581
100856
110356
120191
130792
140412
100027
110959
120352
130374
140096
100028
110254
120725
130698
140216
100488
110799
120296
130182
140534
100992
110931
120183
130010
140535
100508
110628
120482
130504
140018
100510
111017
120172
130344
140273
100924
110044
120090
130387
140113
100544
110127
120285
130819
140065
100984
110227
120204
130270
140152
100277
110535
120760
130273
140073
100348
110203
120035
130906
140537
100589
110341
120414
130372
140634
100936
110392
120786
130368
140652
100426
110964
120556
130740
140008
100275
110415
120181
130341
140923
100139
110040
120922
130189
140141
100799
110427
120077
130338
140323
100840
110411
120111
130912
140300
100757
110832
120214
130635
140871
100956
110856
120950
130708
140583
100019
110391
120712
130595
140921
100111
110111
120326
130898
140447
100055
110979
120825
130543
140574
100264
110478
121010
130187
140763
100373
110711
120039
130786
140486
100941
110899
120035
130103
140641
100363
110864
120958
130495
140428
100321
110679
120093
130066
140331
100921
110934
120524
130090
140712
100356
110946
120189
130569
140744
100621
110473
120637
130732
140943
100519
110082
120448
130375
140784
100894
110771
120047
130272
100115
110371
120226
130315
100827
110960
120676
130053
100480
110300
120129
130399
100431
110323
120800
130195
100525
110837
120142
130116
100350
110616
120069
130436
100364
110962
120344
130168
100497
110370
120345
131006
100086
110438
120537
130779
100768
110666
120749
130353
100654
110420
120281
130955
100451
110435
120178
130008
100743
110314
120507
130641
100607
110192
120977
130223
100796
110278
120303
130243
100817
110952
120356
130356
100489
110456
120080
130875
100935
110362
120830
130635
100742
110223
120208
130288
100256
110508
120699
130605
100189
110397
120122
130699
100469
110358
120282
130966
100837
110609
120550
130545
100334
110839
120952
130906
100831
110634
120103
130386
100181
110342
120913
130687
100407
110215
121020
130860
100325
110802
120870
130559
100933
110910
120145
130170
100318
110997
120595
130739
100303
110807
120915
130612
100421
110726
120459
130831
100984
110971
120719
130830
100629
110708
120420
130570
100544
110681
120817
130697
100204
110937
120821
130545
100589
110421
120770
130681
100523
110904
120413
131008
100856
110583
120761
130177
100000
111010
120193
130913
100840
110749
120446
130395
100244
110670
120755
130881
100909
110602
120676
130144
100666
110424
120501
130460
100127
110507
120506
130656
100288
110868
120916
130126
100346
110679
120941
130973
100729
110538
120053
130086
100541
110533
120987
130487
100654
110415
120616
130874
100017
110230
120133
130905
100261
110867
120493
130674
100251
110491
120953
130191
100754
110354
120669
130308
100943
110807
120612
130068
100670
110341
120069
130471
100811
110010
120349
130872
100021
110922
120952
130075
100873
110659
120072
130963
100071
110103
120822
130760
100165
110564
120168
130909
100564
110590
120220
130940
100833
110975
120697
130832
100539
110601
120199
130948
100802
110376
120411
130275
100132
110207
120635
130825
100543
110898
120229
130219
100815
110304
120340
130300
100267
110494
120744
130283
100789
110233
120741
130246
100726
110585
120167
130073
100490
110552
120945
130217
100122
110520
120790
130940
100585
110832
120753
131012
