100133
110899
120316
130967
100942
110567
120927
130438
100134
110743
120391
130808
100972
110178
120957
130532
100429
110828
120402
130880
101014
110000
120921
130908
101018
110270
120786
130063
100294
110126
120218
131016
100275
110429
120393
130327
100396
110624
120756
130776
100512
110163
120199
130971
100775
110862
120627
130698
100367
110977
120961
130654
100842
110306
120524
130494
100330
110289
120615
130302
100012
110158
120613
131003
100998
110105
120651
130749
100586
110295
120776
130511
100558
110703
120540
130003
100601
110746
120713
130353
100248
110640
121000
131012
100583
110305
120178
130547
100028
110048
120848
130702
100543
110239
120922
130270
100485
110151
120910
130571
100153
110889
120645
130355
100278
110923
120971
130203
100000
110033
120610
130162
100772
110487
120657
130537
100388
110701
120716
130480
100568
110187
120274
130682
100368
110452
120837
130943
100113
110021
120329
130781
100137
110088
120172
130796
100306
110768
120304
130914
100610
110858
120954
130039
100915
110192
120255
130447
100367
110166
120227
130978
100947
110933
120753
130291
100098
110160
120067
130483
100233
110844
121021
130440
100187
110097
120271
130166
100693
110136
120684
130668
100081
110571
120897
130774
100655
110078
120910
130196
100837
110676
120607
130490
100158
110451
120414
130556
100257
110313
120494
131016
100251
110251
120140
130780
100421
110053
120373
130958
100553
110207
120779
130978
100481
110136
120667
130702
100079
110519
120004
130989
100292
110434
120587
130215
100780
110299
120784
130600
100482
110650
120572
130635
100466
110584
120650
130058
100236
110855
121022
130292
100086
110865
120094
131007
100988
110492
120736
130210
100489
110655
120471
130291
100808
110491
120327
130670
100872
110073
120730
130233
100664
110478
120923
131010
100018
110278
120311
130161
100713
110398
120882
130903
100397
110887
120580
130023
100956
110722
120137
130276
100856
111000
120616
130411
100931
111012
120699
130596
100291
110182
120242
130342
100450
110491
120112
130042
100679
110672
120374
130889
100914
110204
120969
130148
100569
110362
120944
130967
100579
110568
120596
130646
100381
110242
120812
130912
100104
110990
120821
130771
100435
110979
120233
130567
100681
110997
120606
130824
100622
110082
120689
130872
100838
110406
120227
130552
100714
110758
120535
130316
100675
110649
120603
130237
100488
110041
120980
130984
100807
110916
120509
130938
101004
110815
120926
130911
100112
110161
120818
130531
100173
110240
120186
130504
100315
111008
120375
130427
100245
110059
120032
130550
100063
110895
120414
130252
100637
110935
120606
131022
100737
110715
120985
130621
100417
110678
120349
130642
100224
110943
120391
130726
100605
111014
120151
130241
100470
110726
120054
130901
100069
110898
120441
130725
100243
110774
120067
130296
100751
110110
120801
130847
100107
110630
120274
130219
100423
110584
120628
130100
100192
110643
120803
130680
100595
110324
120583
130919
100092
110040
120290
130195
100004
110457
120942
130444
100513
110796
120139
130292
100519
110751
120712
130200
100011
110446
120157
130870
100034
110525
120069
130825
100962
110414
120771
130838
100046
110779
120376
130463
100725
110812
120276
130213
100113
110529
120171
130352
100393
110710
120630
130506
100197
110735
120071
131007
100549
110634
120641
130495
100808
110316
120188
130401
100522
110441
120281
130559
100548
111021
120819
130804
100520
110902
120384
130376
100338
110368
120436
130672
100655
111014
120544
130202
100341
110069
120191
130646
100249
110821
120880
130906
100447
110933
120585
130965
100324
110757
120454
130887
100928
110965
120640
130943
100898
110703
120609
130705
100981
110487
120019
130372
100423
110131
120719
130563
100980
110979
120856
130298
100385
110174
120914
130849
100804
110667
120576
130163
100843
110020
120767
130574
100688
110958
120498
130235
100950
110581
120100
130332
100455
110508
120696
130505
100031
110030
120185
130084
100748
110132
120782
130215
100338
110223
120647
130107
100110
110935
120954
130883
100109
110941
120303
130202
100590
110496
120054
130099
100566
111019
120320
130139
100029
110795
120270
131013
100975
110332
120886
130382
100580
110120
120115
130838
100930
110396
120665
130815
100641
110789
120222
130358
100827
110363
120449
130577
100888
110082
120394
130585
100502
110832
120070
130836
100726
110178
120324
130691
100371
110870
120816
130386
100197
110791
120357
130057
100850
110080
120293
130367
100600
110044
120169
130104
101009
110334
120365
130017
100796
110595
120046
130501
100938
110136
120287
130039
100040
110544
120008
130836
100925
110924
120641
130932
100173
110635
120184
130427
100028
110561
120570
130994
100416
110321
120801
130342
100368
110751
120043
130244
100734
110666
120456
130573
100051
110364
120710
130143
100266
110344
120953
130814
100058
110763
120773
130819
100895
110538
120977
130216
100197
110187
120353
130693
100426
110378
120510
130918
